0.000000 2606.929420 548.512534 2009.494464 1367.890712 2233.320398 1130.630355 580.679774 515.197050 582.068724 721.501906 262.864984 2790.409468 2301.459754 2489.765451 2438.901802 2948.687844 2589.153723 3007.578760 783.171118 258.094944 1980.493373 1987.896627 2459.222845 526.540597 1184.122038 661.786975 814.316892 492.319002 881.457883 3069.991042 439.720366 2432.875048 838.298873 843.976303 2910.245522 1129.449423 698.552790 1123.950622 1099.941817 3098.665842 2516.896700 1673.255509 3350.021045 2850.509604 477.246268 1487.581931 2963.020418 655.396826 1988.569838 3164.462830 1417.391971 1002.904283 1437.234149 2039.979657 1298.837172 1008.476574 1176.554716 592.076009 1414.330230 809.654247 1258.215005 2953.183029 2358.788884 1227.261178 1534.854390 1426.981780 651.920241 1034.234016 1191.649697 438.548743 1044.844486 838.601813 1359.065856 939.987766 674.075663 2349.457810 2795.832971 1315.717295 821.647126 1472.162016 2579.432690 2065.308936 1155.770306 772.911379 629.495830 1627.733701 1867.113548 1718.816453 149.495819 792.123728 3020.107614 765.209122 965.549067 95.963535 2882.760483 737.109219 229.477668 617.823599 1248.565577 
2606.929420 0.000000 3153.619666 1013.452022 3182.537667 932.071349 1479.721595 3056.211053 2096.846442 2886.165103 3328.101561 2435.427067 183.967388 411.691632 881.850894 236.103791 510.925631 522.551433 882.336104 2273.839484 2578.468150 1244.034164 1287.069540 608.473500 2091.023195 2700.631408 1987.909706 3367.450816 2958.179339 2436.615070 553.637065 2797.624886 707.000707 1768.991803 2031.975640 604.201953 1803.817341 2291.295922 3317.736879 3187.115467 664.822533 216.946998 936.400021 1093.457818 531.179819 2148.345643 2039.827689 505.170268 2546.693543 673.026745 940.707181 1227.516599 3354.727411 1296.173214 888.220693 2637.276057 1620.232082 1445.009343 2907.098382 1253.512266 1976.710652 2881.477399 394.315863 464.663319 2070.368325 1433.633496 3389.174826 2826.450247 2695.543915 3424.839266 2247.655223 1801.749428 3362.152287 1347.862382 2440.731448 3046.304811 488.672692 259.007722 2230.848493 2279.900217 2318.355452 457.053607 800.232466 1456.934453 3321.788825 2543.680011 1118.050088 1282.622314 906.887534 2511.653639 3325.891910 830.720771 3370.407690 1716.611197 2693.566409 742.235138 3188.223487 2621.391424 3074.829589 2661.168352 
548.512534 3153.619666 0.000000 2514.877731 1413.266075 2738.521134 1678.964264 369.411694 1063.530912 664.687897 189.707670 739.432215 3337.276884 2840.912705 2996.225959 2987.286394 3496.680998 3134.846248 3547.558033 1203.247689 661.366011 2496.898076 2500.314580 3003.092573 1073.957634 1416.943542 1186.001686 343.956393 385.175285 1225.401975 3609.489853 527.765099 2952.134313 1386.099924 1291.604429 3456.437617 1627.880217 1127.844847 1020.684574 1077.037604 3646.104771 3059.154295 2221.131694 3890.691070 3397.412103 1022.315998 1908.882919 3500.489680 973.836229 2536.924910 3683.830751 1964.988041 810.704015 1977.831135 2579.167501 1559.602513 1545.622528 1724.925796 570.350769 1946.147990 1286.823220 1422.529086 3495.950228 2893.622125 1656.044685 2018.437019 1382.729547 792.077016 1263.801408 1039.810079 935.989850 1555.308973 497.398231 1882.192870 1277.452543 525.223762 2896.606635 3344.212912 1699.014420 1233.201524 1829.762006 3112.013014 2588.266795 1704.240887 409.695009 953.302156 2150.883772 2383.611755 2260.863552 664.232640 359.302101 3562.089836 241.919408 1485.094273 460.053258 3425.209191 450.568530 571.112949 403.112887 1498.970980 
2009.494464 1013.452022 2514.877731 0.000000 2976.093581 223.973213 1078.885073 2325.000860 1572.468124 2448.640439 2702.986681 1777.990439 1160.543407 604.692484 481.414582 1028.580575 1521.216618 1389.512504 1843.256358 1990.508729 2076.174607 1621.972256 1667.446251 1375.184715 1581.089814 2538.498966 1348.754240 2652.127448 2235.452974 2190.807157 1230.943134 2063.151473 464.698827 1271.530181 1244.001608 1591.800553 1660.092768 1969.260775 2966.851698 2870.969871 1677.808690 811.473351 792.315594 2096.813058 1515.361673 1642.461567 2096.467505 1106.523384 2199.688387 943.509406 1179.549490 1046.978510 2932.595608 1225.679403 1307.143833 2532.242090 1039.105866 1105.066966 2137.988307 652.099686 1230.573850 2710.258475 1179.648253 559.357667 1999.510440 519.871138 3142.412608 2432.115951 2475.600129 3063.185433 1582.207635 1598.264058 2840.936641 666.513316 2218.881024 2275.624310 1183.089177 1272.437818 2190.796202 2014.428951 2335.935145 706.230132 221.054292 1077.046424 2780.463990 2186.743012 420.020238 1584.463632 583.131203 1962.728968 2600.027692 1805.664974 2752.556085 1045.541487 2076.690877 1692.026005 2431.720790 1944.942159 2333.325952 2531.815159 
1367.890712 3182.537667 1413.266075 2976.093581 0.000000 3180.463017 1898.644253 1742.223866 1499.724308 805.449564 1386.178199 1598.691027 3344.339995 3023.751313 3411.292570 2958.749229 3335.299837 2934.328203 3208.972577 985.642937 1130.693592 2083.772780 2060.101454 2781.237494 1478.620979 483.756137 1791.233374 1732.563707 1706.309761 786.303377 3726.596302 1752.309619 3295.359768 1728.979468 2096.225417 3235.879170 1387.732323 1012.976308 465.145139 345.654452 3447.634696 3183.005498 2335.630322 3534.127332 3202.138348 1427.133140 1223.104656 3649.460919 816.633333 2512.434079 3976.543725 2017.033713 699.115155 1900.041315 2350.362100 578.007785 1971.144338 1882.027099 1875.715597 2325.021505 2021.253324 305.761345 3575.109089 3120.604108 1118.277694 2624.761513 228.849295 716.257635 503.015904 530.729686 1701.793172 1413.196731 1029.008260 2329.825101 763.827206 1892.335330 2763.591323 3280.325746 984.589762 962.179297 969.281177 3340.453263 2941.038252 1903.181547 1090.814833 837.072279 2556.122454 1994.837838 2486.786078 1282.807078 1763.940192 3251.059058 1368.345717 2031.314845 1394.372260 3133.910177 1857.068927 1592.383434 1782.795838 536.806297 
2233.320398 932.071349 2738.521134 223.973213 3180.463017 0.000000 1281.914584 2545.380325 1792.840205 2668.072713 2926.729403 2001.887609 1054.763007 553.831202 257.751819 997.994990 1441.976421 1369.479098 1799.347104 2195.887292 2297.551958 1720.949157 1767.488897 1380.053984 1800.740126 2735.983370 1572.372093 2872.804901 2456.541064 2394.259802 1058.803570 2283.982925 277.627448 1487.657555 1464.661053 1531.865856 1845.184002 2178.032139 3182.705296 3084.118026 1591.490496 717.064153 935.290329 2025.437484 1456.780354 1862.249178 2261.398682 933.407735 2412.155260 1016.477250 962.166825 1217.538500 3152.422085 1387.291606 1383.474250 2723.305712 1258.280175 1301.410389 2356.070033 863.653866 1453.554265 2909.802227 1029.847562 468.923235 2180.717772 735.571886 3351.027454 2649.014911 2678.578728 3279.972104 1806.151987 1789.731823 3064.177704 886.487451 2420.163011 2493.128557 1191.828847 1187.010531 2370.464933 2218.289431 2509.551554 552.381209 274.650687 1277.510470 3004.046604 2399.901040 631.019017 1696.463675 735.425047 2185.492393 2820.159570 1754.330072 2976.367753 1268.974783 2300.661861 1651.608913 2650.005660 2168.377273 2553.001763 2725.656618 
1130.630355 1479.721595 1678.964264 1078.885073 1898.644253 1281.914584 0.000000 1619.800605 617.602623 1436.554559 1850.237823 984.161064 1662.510150 1202.930588 1516.277349 1308.326030 1823.695424 1478.800866 1921.318558 914.068925 1103.837850 1053.360812 1080.512841 1360.202926 611.301889 1460.688194 567.659229 1914.496540 1520.083221 1112.615387 1963.784611 1374.186669 1412.595483 294.244796 773.977390 1795.484336 618.062295 899.400356 1920.762869 1812.400894 1976.730887 1405.003203 543.662579 2257.872007 1732.166274 668.916288 1112.854438 1864.195537 1141.385123 862.360134 2122.943711 313.025558 1918.095931 424.590391 978.791091 1461.592625 266.308092 81.706793 1504.914948 433.526239 676.465077 1631.502375 1837.156771 1278.154920 958.793513 809.649924 2070.555964 1397.005727 1397.206141 2022.217595 814.327944 536.679606 1890.541721 467.017130 1140.000877 1638.375110 1231.794220 1665.249831 1150.276923 936.476908 1311.318421 1503.002994 1049.169195 31.144823 1846.119444 1131.662494 659.918177 954.404526 622.049033 1031.932168 1878.974454 1924.797392 1891.676505 424.699894 1219.804902 1786.486216 1763.826806 1171.027327 1644.281302 1457.347248 
580.679774 3056.211053 369.411694 2325.000860 1742.223866 2545.380325 1619.800605 0.000000 1042.568463 952.502493 516.567517 636.387461 3239.915122 2713.713323 2801.977338 2910.897628 3438.804589 3098.446385 3534.589226 1354.537559 800.712183 2544.076453 2554.229825 2977.100939 1062.058379 1678.514820 1070.460181 327.879551 99.744674 1426.402818 3476.331400 263.007604 2778.178540 1328.753551 1081.000000 3415.151241 1706.301556 1271.261185 1376.200567 1417.097386 3593.948386 2939.812919 2144.358412 3873.992256 3351.224552 1025.368714 2064.073884 3361.758617 1181.328913 2479.499345 3504.164950 1925.710518 1175.245506 1973.627371 2573.993395 1810.565934 1437.423389 1679.324269 222.092323 1812.703230 1103.909870 1712.549561 3375.422492 2752.625292 1804.166567 1811.471501 1732.689239 1068.816635 1523.575072 1402.849244 811.529420 1617.847026 866.654487 1732.920367 1483.253181 156.604598 2851.427187 3265.220513 1881.431636 1391.061825 2030.194572 2963.339333 2425.178344 1648.438049 778.946083 1157.090316 1995.365129 2431.163096 2150.092324 729.538210 275.356133 3541.525236 568.557825 1343.815464 489.875494 3403.313826 156.540730 451.367921 41.773197 1753.917045 
515.197050 2096.846442 1063.530912 1572.468124 1499.724308 1792.840205 617.602623 1042.568463 0.000000 876.949257 1232.828050 420.030951 2279.858987 1805.049861 2044.121327 1924.902595 2433.526659 2075.763233 2499.853196 595.614808 506.909262 1507.194082 1520.145059 1947.769237 30.149627 1156.747596 293.955779 1316.141330 944.005297 784.022959 2571.567032 822.246922 1968.427037 330.001515 620.789820 2396.314879 715.667521 528.564093 1407.304160 1328.435170 2583.769727 2015.015881 1161.214881 2841.285800 2336.007063 73.756356 1173.483702 2467.967990 683.231293 1473.404900 2695.296830 902.594039 1360.237112 932.640338 1534.828003 1220.059835 535.414792 661.396250 970.275219 941.281042 532.202969 1292.357923 2449.710595 1869.986364 927.475067 1149.804331 1627.551842 870.900683 1041.155128 1498.874578 329.236997 613.292752 1288.773448 906.368578 834.880231 1090.487047 1834.832962 2281.799728 1074.364929 635.940249 1249.057645 2093.269452 1598.559664 641.813836 1238.374741 663.618113 1167.520878 1395.127593 1220.151630 416.058890 1286.396517 2510.241821 1274.075743 547.266845 606.884668 2372.504162 1194.806260 593.619407 1072.500816 1189.840325 
582.068724 2886.165103 664.687897 2448.640439 805.449564 2668.072713 1436.554559 952.502493 876.949257 0.000000 708.830727 834.200216 3064.234488 2638.354980 2917.601755 2689.067124 3152.997938 2766.105023 3132.749910 669.481142 389.344321 2023.231573 2017.009916 2621.830849 867.551151 753.047807 1133.032215 1007.120648 907.243077 614.950405 3393.342453 946.878028 2834.333961 1184.920672 1388.036023 3087.117264 1158.939170 620.918674 550.840267 518.123537 3289.841638 2833.958539 1960.609089 3475.130070 3037.291063 806.225775 1317.357962 3297.459932 385.648804 2225.018202 3555.036005 1658.665729 484.814397 1611.459587 2180.436883 897.825150 1409.821620 1453.108736 1071.851669 1810.273460 1332.897595 763.096979 3259.678819 2714.600707 1084.262883 2019.309288 845.697937 129.321305 601.108975 631.050711 975.157936 1119.492742 515.139787 1782.155998 657.371280 1097.102548 2549.545057 3039.427907 1085.086172 684.505661 1195.418337 2939.416439 2465.178493 1452.819672 511.409816 376.091744 2039.917891 1913.793354 2058.510627 533.877327 1023.538959 3158.398645 715.545247 1419.398816 594.418203 3026.487072 1080.933856 796.843774 993.986921 836.301381 
721.501906 3328.101561 189.707670 2702.986681 1386.178199 2926.729403 1850.237823 516.567517 1232.828050 708.830727 0.000000 925.989741 3511.472626 3021.266291 3184.385812 3157.623315 3661.700288 3295.041123 3700.184455 1311.860511 796.157020 2633.385084 2634.369754 3160.775221 1241.068088 1454.389906 1369.841232 355.810343 554.415909 1307.455927 3789.930079 708.875871 3138.549028 1559.140789 1481.305168 3617.253101 1759.793454 1242.011675 959.438377 1041.635733 3809.426860 3237.882333 2393.579955 4043.771754 3559.634251 1186.844977 2004.300626 3681.913225 1059.835836 2704.046782 3870.406955 2130.095068 730.988372 2133.645003 2732.264262 1602.428470 1726.463437 1892.936343 732.609719 2129.158754 1475.847214 1436.229787 3674.352868 3076.016255 1757.960466 2207.764707 1325.516503 837.797708 1305.925342 959.341441 1122.501670 1693.855071 388.659234 2067.313474 1355.437199 663.853146 3059.694919 3514.479336 1782.768914 1337.955530 1901.654017 3295.255074 2773.846427 1874.641832 307.527235 1042.247571 2336.198622 2520.565809 2439.615748 823.660124 400.281151 3716.923594 53.851648 1670.430483 638.253868 3580.713476 554.098367 760.384771 542.262851 1539.900321 
262.864984 2435.427067 739.432215 1777.990439 1598.691027 2001.887609 984.161064 636.387461 420.030951 834.200216 925.989741 0.000000 2619.393250 2108.784721 2259.382659 2281.939526 2805.802915 2462.377916 2898.514102 883.529852 468.018162 1926.552361 1939.983763 2340.716343 443.897511 1363.743744 450.564091 933.643401 536.656315 1025.000488 2876.452850 403.068232 2212.773147 692.408117 584.131834 2779.631091 1124.107646 800.186228 1381.553112 1348.754240 2960.012162 2330.310923 1513.880444 3237.675864 2716.229188 421.343091 1547.806835 2765.733899 833.072026 1845.302143 2944.546994 1289.323078 1265.684400 1341.342611 1939.619808 1462.190138 816.407374 1042.944390 550.276294 1210.026446 558.463965 1459.822249 2767.254958 2157.605386 1291.128189 1290.091470 1673.528309 889.504356 1221.894431 1452.138079 196.573142 1025.854766 1092.135981 1143.192897 1083.029547 671.681472 2215.953519 2637.606491 1410.481478 925.199438 1578.148599 2374.637025 1848.909138 1012.526049 1021.826795 807.493034 1411.685872 1814.724497 1533.855273 316.077522 895.675164 2905.160237 974.917945 746.081095 305.098345 2766.940910 783.757616 187.216452 662.616028 1418.343400 
2790.409468 183.967388 3337.276884 1160.543407 3344.339995 1054.763007 1662.510150 3239.915122 2279.858987 3064.234488 3511.472626 2619.393250 0.000000 572.658712 965.167861 385.659176 410.478989 564.163097 828.073064 2446.416563 2759.832241 1366.522960 1407.366335 683.394469 2273.765599 2861.400007 2171.813298 3551.372270 3141.939051 2605.660953 431.335137 2981.150952 805.452668 1952.331939 2212.778570 540.014815 1971.559028 2466.001825 3489.732655 3357.259746 544.096499 349.356551 1118.937442 988.531234 478.217524 2330.856709 2185.840113 421.882685 2721.426832 843.938979 881.776616 1406.188110 3530.803874 1467.530238 1023.290770 2793.381642 1804.143010 1626.603824 3090.013754 1435.621468 2158.811015 3041.876395 265.241399 601.641089 2228.830411 1601.835510 3553.402032 3002.593046 2861.048234 3597.200022 2431.553002 1973.536166 3542.691632 1528.648096 2608.044862 3229.292337 606.934099 169.567096 2384.527836 2451.326376 2465.059837 529.144593 954.857057 1639.424899 3503.085640 2718.970393 1294.347712 1415.555015 1090.240799 2694.380819 3509.735745 766.548759 3553.626317 1899.722611 2877.226442 705.028368 3371.605701 2805.345790 3258.404057 2819.330594 
2301.459754 411.691632 2840.912705 604.692484 3023.751313 553.831202 1202.930588 2713.713323 1805.049861 2638.354980 3021.266291 2108.784721 572.658712 0.000000 585.311028 444.212787 916.668424 815.986519 1249.611540 2070.034782 2303.775163 1282.811366 1329.572112 835.014970 1803.733905 2551.803284 1658.229477 3031.964545 2617.497469 2250.587701 768.666378 2452.053221 400.824151 1475.450440 1662.704123 989.853525 1637.754866 2073.760111 3106.294255 2986.992635 1074.013501 231.905153 691.104189 1492.769239 913.705642 1863.823221 1964.197801 662.924581 2325.612607 581.292525 955.164907 1009.380503 3117.854711 1129.136396 920.779018 2509.719705 1295.290701 1186.569003 2552.215704 901.414999 1617.227566 2732.108709 662.073259 121.235308 1942.911475 1029.526590 3217.388382 2593.078672 2524.375764 3210.564125 1915.616872 1612.475426 3090.554966 983.250222 2263.846285 2691.922176 652.494444 669.794745 2120.430381 2082.864614 2233.809750 318.025156 388.857300 1185.649189 3042.937561 2318.962268 733.497103 1285.401883 584.931620 2220.405819 2986.862735 1207.755356 3066.291897 1370.430589 2383.057280 1100.425827 2838.970412 2291.440813 2729.348823 2524.448653 
2489.765451 881.850894 2996.225959 481.414582 3411.292570 257.751819 1516.277349 2801.977338 2044.121327 2917.601755 3184.385812 2259.382659 965.167861 585.311028 0.000000 1005.919480 1372.065596 1373.052439 1764.082198 2429.387783 2549.873134 1846.619073 1893.574662 1411.760957 2051.117988 2959.586627 1828.418442 3129.534790 2713.523540 2625.213896 875.002286 2540.852219 185.690603 1734.433913 1721.591125 1483.268351 2058.377031 2415.341798 3427.371150 3325.490039 1509.021537 668.683034 1121.543579 1953.550870 1411.858704 2112.742294 2451.195627 752.373577 2653.339971 1134.580980 711.247496 1422.208142 3402.291728 1581.106575 1492.322016 2939.763596 1508.815761 1529.268126 2611.321887 1108.538678 1711.282560 3135.430592 879.996591 469.196121 2388.208115 991.000505 3586.712840 2895.315527 2908.487579 3525.777219 2063.537981 2009.784068 3319.263924 1138.701014 2648.646636 2747.969796 1234.706443 1117.977638 2575.531790 2450.065305 2707.545198 436.111224 471.152841 1509.454537 3259.831284 2641.909347 877.706671 1836.095041 936.855378 2439.898563 3076.585120 1711.084451 3233.970470 1524.775721 2557.740605 1623.539344 2905.318227 2426.124482 2809.193835 2945.202200 
2438.901802 236.103791 2987.286394 1028.580575 2958.749229 997.994990 1308.326030 2910.897628 1924.902595 2689.067124 3157.623315 2281.939526 385.659176 444.212787 1005.919480 0.000000 544.450181 372.087355 814.827589 2064.298670 2394.407025 1008.731877 1052.110736 411.126501 1916.731854 2475.900846 1840.543398 3215.567446 2811.897580 2221.227138 788.728724 2656.027108 821.197297 1601.708151 1918.095410 575.782077 1586.803706 2086.045541 3106.774694 2973.188524 706.342693 362.167089 768.303326 1085.018433 499.812965 1972.105981 1806.371501 740.326955 2341.326334 464.107746 1166.672619 1035.719074 3152.029981 1085.386567 652.126521 2408.976546 1474.731501 1265.346198 2772.857732 1137.753928 1853.701702 2656.439911 627.085321 543.003683 1843.675676 1380.840324 3167.761512 2624.172632 2475.556099 3214.488606 2099.436353 1591.100877 3173.450015 1240.800548 2222.976608 2910.962040 260.449611 356.931366 2000.962269 2068.306070 2085.224448 621.486122 807.530185 1283.218220 3136.583173 2339.560001 1040.477294 1046.533803 784.780224 2336.282731 3176.808776 779.633247 3198.218410 1585.447886 2528.042128 663.447059 3047.843172 2468.988862 2931.815137 2434.326601 
2948.687844 510.925631 3496.680998 1521.216618 3335.299837 1441.976421 1823.695424 3438.804589 2433.526659 3152.997938 3661.700288 2805.802915 410.478989 916.668424 1372.065596 544.450181 0.000000 400.980049 434.218839 2504.278140 2883.749122 1267.975552 1300.184987 554.203031 2422.737501 2852.898351 2370.549725 3737.945960 3339.372696 2640.981636 743.500504 3186.875900 1206.385096 2117.834035 2460.910401 159.665275 2012.099401 2537.050256 3532.472930 3390.264886 162.265215 724.953102 1295.734541 584.230263 143.892321 2475.325433 2130.638402 784.388934 2789.172816 961.379218 1237.670796 1531.879891 3600.240686 1543.622363 990.135849 2765.865145 2007.746249 1772.520522 3307.500869 1681.502304 2394.477814 3029.588256 604.193678 975.533188 2220.629190 1915.902398 3553.948930 3077.037536 2874.717377 3641.346042 2627.788614 2035.902748 3650.771014 1785.130808 2634.209749 3444.809719 604.734653 255.785066 2353.774841 2502.288553 2406.709164 936.284679 1304.849800 1796.614872 3620.025414 2790.533462 1581.768946 1344.977695 1328.711406 2838.048802 3701.453228 366.292233 3700.064459 2124.322245 3040.066611 341.344401 3578.627949 2993.000501 3461.187369 2800.043571 
2589.153723 522.551433 3134.846248 1389.512504 2934.328203 1369.479098 1478.800866 3098.446385 2075.763233 2766.105023 3295.041123 2462.377916 564.163097 815.986519 1373.052439 372.087355 400.980049 0.000000 474.650398 2111.847059 2509.582037 871.277797 905.494340 153.375357 2062.763680 2451.992251 2039.374659 3388.985837 2998.710556 2244.018048 991.246690 2852.328347 1189.575555 1770.154795 2165.000000 322.601922 1618.130094 2147.609136 3135.242574 2991.913936 524.378680 712.158690 979.620845 789.005703 272.183761 2112.717918 1730.984980 984.648668 2398.023353 630.495837 1441.424989 1174.731033 3207.632148 1164.398987 592.003378 2365.050739 1685.895608 1420.211252 2979.853184 1402.191499 2089.454714 2628.612562 827.021765 914.245044 1820.022253 1699.527287 3153.118139 2686.651634 2474.924039 3244.199747 2291.979494 1646.880991 3268.252132 1511.743695 2236.004025 3114.963403 253.402841 419.319687 1952.907832 2108.420499 2007.764926 969.887622 1169.109062 1450.015862 3240.508139 2400.288316 1347.525139 944.933860 1060.349471 2472.381848 3355.549582 458.703608 3331.630832 1815.416757 2682.215502 324.599754 3242.521395 2648.835404 3123.081971 2399.075864 
3007.578760 882.336104 3547.558033 1843.256358 3208.972577 1799.347104 1921.318558 3534.589226 2499.853196 3132.749910 3700.184455 2898.514102 828.073064 1249.611540 1764.082198 814.827589 434.218839 474.650398 0.000000 2466.256475 2906.669056 1132.552869 1151.502063 563.692292 2484.331902 2736.133220 2487.429195 3815.963574 3434.941630 2575.307749 1176.241897 3294.117181 1588.690341 2207.266409 2629.912926 288.085057 1973.817114 2512.065684 3457.122069 3306.846534 389.399538 1097.561388 1444.679203 343.739727 353.735777 2530.549743 1985.999496 1218.236430 2754.119278 1095.753622 1671.701229 1610.605476 3552.152165 1570.429241 968.401260 2631.278016 2141.865775 1856.924608 3426.233501 1873.987193 2551.213437 2905.248526 1038.285125 1331.919292 2122.192263 2173.213289 3434.269209 3042.941012 2780.639135 3565.932837 2735.281521 2019.616300 3643.400198 1984.149692 2559.060179 3559.384778 724.089773 660.109082 2227.005613 2457.018111 2249.433040 1334.655386 1622.237036 1891.457903 3622.671114 2759.504485 1821.923434 1232.748555 1534.509694 2883.337823 3785.716577 73.783467 3733.872654 2276.782159 3102.190355 152.322027 3681.774029 3083.382882 3561.065571 2673.229133 
783.171118 2273.839484 1203.247689 1990.508729 985.642937 2195.887292 914.068925 1354.537559 595.614808 669.481142 1311.860511 883.529852 2446.416563 2070.034782 2429.387783 2064.298670 2504.278140 2111.847059 2466.256475 0.000000 557.609182 1353.771399 1347.965133 1964.808897 567.609020 576.340177 882.025510 1532.485889 1272.094729 204.628932 2801.300412 1216.891532 2319.270575 754.815209 1215.302843 2430.705659 494.652403 85.094066 1043.986590 917.708559 2636.220969 2246.471010 1379.095718 2807.952279 2383.914847 535.989739 711.804046 2714.479877 287.920128 1602.488377 3014.579241 1062.243381 1096.008212 979.016343 1521.923126 625.479816 995.354208 902.123051 1371.749613 1339.400239 1123.010686 732.072401 2658.362090 2159.780081 454.370994 1652.046307 1157.887732 577.041593 487.755061 1151.003910 890.024719 473.240953 1184.119082 1346.582712 245.934951 1457.021963 1905.026247 2406.995845 533.824878 42.011903 696.323201 2382.806748 1960.451479 919.939128 1173.254022 293.819673 1570.513929 1244.351237 1513.939563 635.303077 1526.846751 2493.664973 1333.270415 1074.037243 866.972895 2363.104949 1508.850225 985.050760 1393.773655 598.899825 
258.094944 2578.468150 661.366011 2076.174607 1130.693592 2297.551958 1103.837850 800.712183 506.909262 389.344321 796.157020 468.018162 2759.832241 2303.775163 2549.873134 2394.407025 2883.749122 2509.582037 2906.669056 557.609182 0.000000 1838.636723 1840.811234 2372.266848 503.241493 926.053994 746.233878 979.416663 723.105110 630.892225 3067.286097 694.095815 2475.319777 830.764708 1000.556345 2832.178314 967.157174 476.689626 938.784320 889.272174 3028.049702 2508.776594 1643.121724 3250.388900 2776.818683 441.937778 1269.400252 2966.301569 398.027637 1934.086089 3201.745774 1359.082411 861.957075 1345.353857 1939.860304 1041.480197 1041.883871 1133.480481 843.317852 1448.185416 943.631814 1003.674250 2940.763336 2372.543361 1011.227472 1634.642774 1210.520549 424.350091 776.541692 1020.369541 589.291100 898.005011 786.924393 1411.324555 688.897670 912.921136 2279.476475 2749.655433 1080.770558 592.443246 1230.503149 2596.497641 2105.452445 1124.177922 743.325635 372.239170 1674.040023 1725.591493 1719.343189 152.689227 970.816667 2925.008889 827.672641 1038.007707 322.939623 2789.480418 953.472076 486.371257 840.788321 990.693192 
1980.493373 1244.034164 2496.898076 1621.972256 2083.772780 1720.949157 1053.360812 2544.076453 1507.194082 2023.231573 2633.385084 1926.552361 1366.522960 1282.811366 1846.619073 1008.731877 1267.975552 871.277797 1132.552869 1353.771399 1838.636723 0.000000 46.957428 719.336500 1485.130634 1606.747335 1586.600139 2793.780593 2446.990805 1447.746525 1791.135115 2329.340679 1671.353045 1280.640855 1827.157902 1156.595435 874.648501 1408.208081 2325.156554 2174.380372 1368.656275 1334.962546 857.425215 1467.706033 1129.247980 1518.810719 866.225144 1748.992853 1639.455092 712.146052 2167.440195 775.671322 2426.152716 628.856104 366.083324 1508.298379 1318.249218 972.432517 2475.883681 1250.107195 1728.363966 1778.657078 1626.072569 1403.795213 989.743401 1667.742186 2307.071087 1925.937174 1648.097691 2433.873661 1797.961346 941.591206 2537.811065 1351.687094 1428.882430 2597.675884 760.501151 1261.340557 1099.295229 1340.096265 1139.861834 1570.071654 1450.284455 1023.070379 2524.496385 1647.286557 1346.030089 113.441615 1060.175457 1842.493148 2772.548647 1170.083758 2661.851423 1475.887868 2076.427942 1050.338041 2698.451408 2099.566146 2576.020186 1546.987395 
1987.896627 1287.069540 2500.314580 1667.446251 2060.101454 1767.488897 1080.512841 2554.229825 1520.145059 2017.009916 2634.369754 1939.983763 1407.366335 1329.572112 1893.574662 1052.110736 1300.184987 905.494340 1151.502063 1347.965133 1840.811234 46.957428 0.000000 754.487906 1497.473205 1585.015457 1607.487792 2800.218741 2457.579500 1435.883352 1833.000273 2342.363123 1718.295085 1301.227113 1853.556851 1185.529418 874.588475 1404.587128 2309.156123 2157.349531 1397.422270 1380.322426 900.280512 1483.906331 1160.422337 1529.578046 839.621939 1792.171030 1632.388434 759.092221 2212.210207 808.688444 2414.226170 656.067832 412.043687 1483.542045 1346.142637 999.219696 2489.860438 1288.237944 1753.975199 1755.477143 1667.699313 1450.579195 973.452105 1707.419398 2284.298142 1917.736426 1630.283718 2417.698079 1814.962810 945.808120 2531.974723 1388.798401 1415.274532 2610.421613 802.200100 1299.691117 1076.390728 1332.923479 1110.891534 1616.213476 1496.625538 1050.505593 2520.262883 1640.919255 1388.051872 127.640119 1104.005888 1848.541046 2780.003058 1191.329090 2662.021037 1504.138956 2083.752385 1074.209011 2709.033961 2111.350516 2586.648990 1523.563258 
2459.222845 608.473500 3003.092573 1375.184715 2781.237494 1380.053984 1360.202926 2977.100939 1947.769237 2621.830849 3160.775221 2340.716343 683.394469 835.014970 1411.760957 411.126501 554.203031 153.375357 563.692292 1964.808897 2372.266848 719.336500 754.487906 0.000000 1933.645779 2299.054153 1925.103893 3263.180810 2877.372586 2094.126309 1114.602171 2734.166235 1226.217762 1648.491432 2067.434400 465.896984 1470.503655 2002.303923 2985.008208 2840.990144 673.026745 772.120457 883.699610 897.669204 422.573071 1982.099140 1577.730332 1096.261374 2251.573672 536.899432 1545.797529 1051.412859 3060.063398 1027.369943 443.016930 2211.712685 1578.191370 1297.858236 2864.724245 1318.980288 1987.869463 2475.505605 948.631119 944.038135 1667.484633 1642.810092 3000.276321 2540.495424 2323.043908 3094.002586 2174.529374 1502.343835 3126.035828 1430.126218 2085.293744 2998.560488 192.169196 554.008123 1799.590231 1960.516514 1854.668704 1031.993217 1158.421340 1330.666750 3099.846609 2254.354897 1287.473495 791.636280 989.163788 2339.515334 3231.233356 564.652991 3196.463045 1713.443900 2552.984920 426.353140 3122.978226 2526.416632 3002.769555 2245.858633 
526.540597 2091.023195 1073.957634 1581.089814 1478.620979 1800.740126 611.301889 1062.058379 30.149627 867.551151 1241.068088 443.897511 2273.765599 1803.733905 2051.117988 1916.731854 2422.737501 2062.763680 2484.331902 567.609020 503.241493 1485.130634 1497.473205 1933.645779 0.000000 1130.813866 318.529433 1331.829193 963.869804 757.507096 2569.373464 845.078103 1972.933856 328.466132 648.006944 2383.736982 687.791393 501.773853 1393.978479 1312.425617 2572.284782 2012.120275 1154.840682 2826.136586 2323.983219 61.684682 1143.605264 2466.626238 662.650738 1463.460625 2698.625576 891.058359 1351.687094 915.657687 1518.331321 1192.495283 542.492396 651.891095 994.089030 946.140053 558.054657 1268.060724 2446.171907 1870.341680 897.365589 1164.727007 1609.219687 857.359318 1016.815126 1486.650598 358.803567 586.075934 1287.882759 914.617406 807.846520 1112.958669 1822.965990 2273.526116 1044.299287 607.714571 1219.033224 2094.003820 1603.112597 634.567569 1239.211443 643.622560 1173.839001 1372.825553 1218.829356 420.630479 1303.197990 2495.482518 1281.503024 562.409104 619.504641 2357.889098 1215.000000 614.593362 1092.604686 1162.883055 
1184.122038 2700.631408 1416.943542 2538.498966 483.756137 2735.983370 1460.688194 1678.514820 1156.747596 753.047807 1454.389906 1363.743744 2861.400007 2551.803284 2959.586627 2475.900846 2852.898351 2451.992251 2736.133220 576.340177 926.053994 1606.747335 1585.015457 2299.054153 1130.813866 0.000000 1449.056590 1760.005966 1617.936031 374.834630 3246.219339 1615.612887 2836.236944 1329.108724 1776.447297 2755.389265 914.162458 630.248364 765.540332 605.561723 2966.902931 2705.540981 1867.491633 3065.018760 2720.482678 1090.248137 756.373585 3170.937559 532.430277 2031.833901 3506.337120 1550.343510 934.427097 1424.240499 1866.938135 152.042757 1567.898594 1434.774547 1759.726399 1893.197560 1688.823555 181.069048 3093.695040 2651.472421 634.527383 2224.258303 701.501247 624.887990 154.987096 868.116352 1418.407558 950.486717 1179.265025 1910.137430 330.847397 1811.314716 2279.840565 2796.580948 509.475220 542.609436 530.903004 2869.358116 2488.436055 1461.475966 1210.666345 558.363681 2120.479663 1515.071615 2027.566275 1060.992931 1774.876052 2776.220632 1454.472413 1650.353901 1240.797324 2656.958600 1817.730728 1412.028682 1720.258411 88.391176 
661.786975 1987.909706 1186.001686 1348.754240 1791.233374 1572.372093 567.659229 1070.460181 293.955779 1133.032215 1369.841232 450.564091 2171.813298 1658.229477 1828.418442 1840.543398 2370.549725 2039.374659 2487.429195 882.025510 746.233878 1586.600139 1607.487792 1925.103893 318.529433 1449.056590 0.000000 1379.591969 971.662493 1075.234858 2426.011748 816.333265 1771.836618 306.315197 336.942132 2352.370081 902.920816 819.332655 1676.200764 1607.373634 2526.887413 1879.926860 1074.993023 2822.393488 2286.694776 364.804057 1397.904861 2315.651960 974.684051 1414.311140 2503.678294 880.610016 1607.772683 967.917352 1545.350769 1507.490630 367.686007 638.138700 940.478602 760.318354 241.018671 1586.263849 2316.833183 1707.985070 1168.083901 889.089422 1912.943543 1143.504263 1335.042321 1762.843442 259.755654 795.061004 1492.871394 698.416781 1124.644388 1076.001859 1789.378104 2194.766502 1330.883165 921.091744 1506.612425 1926.012721 1405.213507 598.204814 1431.710166 954.222720 967.384618 1479.862494 1084.232447 619.109845 1338.235405 2489.174160 1417.039520 303.784463 733.973433 2350.923648 1208.134099 634.433606 1091.356954 1479.616842 
814.316892 3367.450816 343.956393 2652.127448 1732.563707 2872.804901 1914.496540 327.879551 1316.141330 1007.120648 355.810343 933.643401 3551.372270 3031.964545 3129.534790 3215.567446 3737.945960 3388.985837 3815.963574 1532.485889 979.416663 2793.780593 2800.218741 3263.180810 1331.829193 1760.005966 1379.591969 0.000000 417.432629 1565.717727 3796.601770 589.000849 3104.191521 1620.719902 1408.204531 3708.088052 1934.797147 1454.207688 1314.009513 1390.116542 3891.212921 3256.563373 2447.437844 4157.408448 3645.952413 1287.529417 2242.196245 3683.017513 1314.055174 2776.784111 3831.013051 2214.255631 1086.769985 2247.276129 2850.093507 1903.273496 1747.234672 1969.173685 535.359692 2130.555327 1428.242276 1760.508165 3692.908068 3073.748363 1986.752627 2139.200318 1680.050297 1135.161662 1607.228671 1315.118626 1119.904014 1855.104310 743.758697 2053.836410 1618.638008 417.614655 3144.952782 3571.239841 2037.602513 1564.427052 2171.373989 3286.036671 2749.574694 1942.040422 663.330988 1292.791166 2317.992450 2680.351656 2463.320117 951.723174 64.404969 3826.198374 389.344321 1661.611567 718.418402 3688.362780 263.837071 746.728866 325.554911 1842.460312 
492.319002 2958.179339 385.175285 2235.452974 1706.309761 2456.541064 1520.083221 99.744674 944.005297 907.243077 554.415909 536.656315 3141.939051 2617.497469 2713.523540 2811.897580 3339.372696 2998.710556 3434.941630 1272.094729 723.105110 2446.990805 2457.579500 2877.372586 963.869804 1617.936031 971.662493 417.432629 0.000000 1352.651470 3380.967465 173.158887 2686.835499 1229.011391 991.932457 3315.459093 1612.878793 1188.132148 1358.958793 1388.905324 3494.417262 2843.116072 2045.129336 3774.289999 3251.581308 928.186404 1979.339789 3266.852308 1111.075605 2379.920167 3414.011863 1825.977546 1168.673179 1874.502601 2474.616132 1746.424920 1338.880503 1579.586338 186.986631 1716.229588 1010.842223 1660.710992 3278.990698 2657.619423 1719.107908 1723.907190 1709.425927 1018.085458 1463.388534 1393.091885 712.461227 1523.173660 877.155060 1637.708765 1410.132263 193.380454 2751.735816 3166.399848 1801.826296 1309.470886 1953.538584 2869.205639 2332.223188 1548.705589 790.018987 1086.298762 1901.130453 2334.186154 2052.372286 641.798255 369.423876 3441.807083 608.000822 1247.203672 405.123438 3303.592287 251.467692 351.923287 129.073622 1691.111469 
881.457883 2436.615070 1225.401975 2190.807157 786.303377 2394.259802 1112.615387 1426.402818 784.022959 614.950405 1307.455927 1025.000488 2605.660953 2250.587701 2625.213896 2221.227138 2640.981636 2244.018048 2575.307749 204.628932 630.892225 1447.746525 1435.883352 2094.126309 757.507096 374.834630 1075.234858 1565.717727 1352.651470 0.000000 2971.210023 1321.163881 2511.185577 959.377402 1404.638032 2558.825707 634.703080 255.906233 891.504907 752.409463 2767.151965 2419.967975 1559.841018 2913.858782 2516.000199 719.224582 702.432915 2887.997576 251.676380 1763.608233 3199.578253 1241.225201 978.450305 1141.158184 1652.014830 442.115370 1199.982083 1096.053375 1472.606533 1540.683615 1315.490783 527.443836 2824.874156 2343.693026 475.085256 1856.674985 967.731884 498.124482 284.871901 1000.364434 1058.493741 639.427869 1121.349633 1550.113544 58.694122 1543.453919 2048.415973 2557.492913 475.478706 176.476627 606.953870 2565.448304 2155.222726 1116.888983 1125.490115 273.270928 1771.018069 1343.317163 1703.545127 742.757699 1568.445090 2607.290164 1320.968206 1277.225509 953.648258 2480.136287 1575.929567 1100.169078 1467.218457 406.728411 
3069.991042 553.637065 3609.489853 1230.943134 3726.596302 1058.803570 1963.784611 3476.331400 2571.567032 3393.342453 3789.930079 2876.452850 431.335137 768.666378 875.002286 788.728724 743.500504 991.246690 1176.241897 2801.300412 3067.286097 1791.135115 1833.000273 1114.602171 2569.373464 3246.219339 2426.011748 3796.601770 3380.967465 2971.210023 0.000000 3213.922992 781.232360 2241.626642 2413.464108 899.725514 2342.320431 2812.896194 3844.302798 3718.151826 815.157040 559.446155 1433.025122 1242.040257 856.248796 2628.979460 2593.263774 125.399362 3067.375751 1214.385853 498.658200 1742.155274 3868.873996 1830.760771 1440.053471 3186.713197 2063.880326 1940.724092 3309.073133 1667.209945 2375.151574 3427.255754 166.291912 724.459799 2618.676192 1733.515792 3930.073282 3341.620116 3235.462409 3950.308596 2682.629307 2332.767670 3854.170987 1743.411885 2978.323018 3448.702510 1030.800175 575.597950 2781.947699 2810.042882 2871.635423 527.412552 1070.795032 1944.593531 3808.279008 3062.608365 1483.423743 1834.313496 1352.000370 2987.369746 3750.371315 1105.991410 3834.909386 2135.400665 3151.723655 1079.641144 3598.280840 3058.346776 3490.687182 3209.103457 
439.720366 2797.624886 527.765099 2063.151473 1752.309619 2283.982925 1374.186669 263.007604 822.246922 946.878028 708.875871 403.068232 2981.150952 2452.053221 2540.852219 2656.027108 3186.875900 2852.328347 3294.117181 1216.891532 694.095815 2329.340679 2342.363123 2734.166235 845.078103 1615.612887 816.333265 589.000849 173.158887 1321.163881 3213.922992 0.000000 2515.504919 1087.130627 819.322891 3167.131983 1515.742062 1131.827725 1438.847108 1451.003101 3343.063266 2678.696138 1891.309070 3631.785374 3102.116213 817.103421 1911.944037 3099.107613 1091.934522 2229.741689 3242.018661 1683.525468 1266.174159 1742.788570 2339.009406 1735.045821 1181.348805 1437.201795 155.653461 1551.501209 840.910221 1676.658880 3113.940911 2490.045180 1652.010896 1550.973888 1776.945976 1044.506582 1463.355733 1483.776600 560.393612 1420.842708 1000.264465 1470.551597 1379.675687 268.633579 2603.637840 3009.352090 1750.671300 1256.443393 1909.735322 2700.434965 2162.175062 1403.538742 915.275915 1066.225586 1732.517532 2217.360819 1890.957429 582.814722 538.273165 3298.814939 762.716854 1083.012927 374.834630 3160.507871 391.862221 238.247770 277.481531 1683.197552 
2432.875048 707.000707 2952.134313 464.698827 3295.359768 277.627448 1412.595483 2778.178540 1968.427037 2834.333961 3138.549028 2212.773147 805.452668 400.824151 185.690603 821.197297 1206.385096 1189.575555 1588.690341 2319.270575 2475.319777 1671.353045 1718.295085 1226.217762 1972.933856 2836.236944 1771.836618 3104.191521 2686.835499 2511.185577 781.232360 2515.504919 0.000000 1649.667239 1698.565571 1310.866126 1927.816641 2310.618316 3332.504764 3224.875967 1348.750904 491.137455 978.777298 1790.111728 1238.176886 2034.573420 2301.711754 655.833058 2553.949490 960.669038 731.956283 1288.843280 3318.919402 1438.278485 1313.965753 2809.356688 1434.671391 1417.223342 2595.769828 1027.157729 1677.010733 3013.908094 755.913355 283.622989 2251.511714 983.181062 3476.914724 2804.785375 2792.424932 3432.997815 2016.200387 1885.948303 3253.210414 1073.812367 2531.548933 2734.105521 1049.057196 950.844362 2436.350755 2337.628071 2562.819151 283.210169 369.867544 1402.628960 3197.311527 2543.953223 805.398038 1665.151645 808.965389 2373.005268 3053.518790 1537.718115 3186.869624 1468.960176 2505.491968 1446.116524 2888.932156 2385.630525 2788.092000 2817.736148 
838.298873 1768.991803 1386.099924 1271.530181 1728.979468 1487.657555 294.244796 1328.753551 330.001515 1184.920672 1559.140789 692.408117 1952.331939 1475.450440 1734.433913 1601.708151 2117.834035 1770.154795 2207.266409 754.815209 830.764708 1280.640855 1301.227113 1648.491432 328.466132 1329.108724 306.315197 1620.719902 1229.011391 959.377402 2241.626642 1087.130627 1649.667239 0.000000 592.078542 2088.034482 635.003150 716.483775 1695.387271 1600.940036 2270.554338 1685.024035 835.040718 2545.726223 2025.360215 389.097674 1144.573720 2138.369706 931.916305 1156.460548 2372.907499 597.097145 1669.682605 665.622265 1253.425706 1359.142745 242.165233 350.633712 1222.473313 625.997604 486.564487 1486.715844 2119.849287 1542.000000 937.659320 897.742168 1881.013025 1161.380644 1240.124591 1792.314705 531.046137 529.306150 1616.279679 608.346119 998.455808 1353.464074 1524.559281 1958.562994 1116.614974 786.659393 1289.815491 1765.800102 1280.315586 321.337828 1567.520654 917.605580 857.181428 1173.611520 890.519511 746.024128 1585.851506 2213.040668 1601.480565 331.846350 926.455611 2074.786013 1474.654197 878.683675 1354.286897 1342.657440 
